# bp_numbers.txt
134 68 75 20220630.0929
136 67 73 20220630.0941
143 66 73 20220630.1049
145 75 69 20220630.1656
124 61 64 20220630.1808
133 64 65 20220630.1839
134 65 60 20220630.2300
117 62 62 20220703.1204
144 70 70 20220705.2137
150 71 71 20220707.1143
158 79 76 20220707.1408
145 69 75 20220708.1954
150 66 55 20220709.1303
134 69 66 20220710.1200
138 57 70 20220711.1537
125 63 77 20220712.1607
135 67 69 20220713.1647
131 67 75 20220714.1426
145 67 55 20220715.0829
123 64 58 20220716.1633
124 56 59 20220717.1606
137 74 74 20220724.1612
132 64 63 20220725.0907
166 78 54 20220726.1533
116 65 67 20220730.1350
163 70 64 20220731.1500
189 90 54 20220731.1938
171 83 58 20220731.2020
131 66 56 20220801.0825
117 69 65 20220801.1849
116 62 69 20220801.2301
117 75 70 20220802.0833
126 62 61 20220804.0901
120 64 75 20220804.1303
122 62 79 20220807.1941
134 60 65 20220808.1306
158 66 69 20220808.2025
158 66 69 20220808.2309
114 64 64 20220809.0838
110 59 68 20220809.1640
124 62 62 20220810.0840
134 63 57 20220812.0758
134 62 57 20220812.1128
100 59 62 20220812.1323
144 75 63 20220812.2201
112 56 58 20220814.0816
106 50 63 20220814.1139
139 66 63 20220815.0849
115 64 78 20220815.1737
114 64 64 20220816.0347
120 61 66 20220816.1021
143 70 55 20220816.1942
134 67 64 20220816.2047
122 62 62 20220817.1055
113 69 56 20220818.0722
103 59 72 20220818.1208
142 69 65 20220818.2142
120 63 67 20220819.0821
112 61 59 20220819.1048
