# bp_numbers.txt
134 68 75 20220630.0929
136 67 73 20220630.0941
143 66 73 20220630.1049
145 75 69 20220630.1656
124 61 64 20220630.1808
133 64 65 20220630.1839
134 65 60 20220630.2300
117 62 62 20220703.1204
144 70 70 20220705.2137
150 71 71 20220707.1143
158 79 76 20220707.1408
145 69 75 20220708.1954
150 66 55 20220709.1303
134 69 66 20220710.1200
138 57 70 20220711.1537
125 63 77 20220712.1607
135 67 69 20220713.1647
131 67 75 20220714.1426
145 67 55 20220715.0829
123 64 58 20220716.1633
124 56 59 20220717.1606
137 74 74 20220724.1612
132 64 63 20220725.0907
166 78 54 20220726.1533
116 65 67 20220730.1350
163 70 64 20220731.1500
